Device Type: FT1080
Firmware Version:20240731113137
Start Freqency Division:1
Window Resolution:64ps
Mask Window:0 ns
Start Threshold:1499mV
Stop Threshold:1499mV
Stop Delay(ns):ch0 0.0 ns,ch1 0.0 ns,ch2 0.0 ns,ch3 0.0 ns,ch4 0.0 ns,ch5 0.0 ns,ch6 0.0 ns,ch7 0.0 ns,
Mode:T3

[Flag:] 0(Event)	1(Control Field)
Flag	 Channel	 Time(bin)	 Time(ps)	 Seq
0	53	25645	1641280	787
0	1	3528	225792	1396
0	0	28573	1828672	1498
0	1	11295	722880	1519
0	1	12323	788672	1519
0	1	13970	894080	1519
0	0	6934	443776	1534
0	0	402	25728	1568
0	1	21128	1352192	2274
0	1	25073	1604672	2905
0	1	20053	1283392	3160
0	1	2544	162816	3797
0	1	17567	1124288	4069
0	3	26647	1705408	4120
0	2	4538	290432	4289
0	0	11983	766912	4382
0	2	7489	479296	4667
0	0	26086	1669504	5283
0	3	12349	790336	6026
0	3	18912	1210368	6523
0	2	1090	69760	7094
0	1	19943	1276352	7732
0	3	4442	284288	7825
0	0	17669	1130816	8159
0	0	18583	1189312	8159
0	0	22613	1447232	8256
0	3	28482	1822848	8305
0	3	30113	1927232	8305
0	2	24823	1588672	8311
0	2	29425	1883200	8311
0	2	17154	1097856	8441
0	0	10657	682048	9223
0	0	29254	1872256	9234
0	0	28276	1809664	9260
0	2	15508	992512	9475
0	2	16669	1066816	9475
0	2	17659	1130176	9475
0	2	24653	1577792	9475
0	3	24328	1556992	9604
0	3	20753	1328192	10197
0	0	22869	1463616	10320
0	1	16191	1036224	10476
0	0	3742	239488	10600
0	2	3035	194240	10894
0	0	4869	311616	10962
0	1	570	36480	11019
0	1	15889	1016896	11045
0	0	11334	725376	11053
0	1	12867	823488	11519
0	0	13711	877504	11872
0	2	3162	202368	12183
0	1	1842	117888	12377
0	2	19267	1233088	12558
0	0	21116	1351424	12823
0	2	17103	1094592	12910
0	2	26716	1709824	13220
0	0	13129	840256	13271
0	0	3101	198464	13377
0	3	5383	344512	13804
0	2	3958	253312	13867
0	0	9794	626816	13979
0	2	20182	1291648	13988
0	2	29895	1913280	14518
0	0	4853	310592	14713
0	1	8492	543488	14786
0	0	8111	519104	14927
0	3	17094	1094016	14972
0	2	3276	209664	15018
0	1	23866	1527424	15270
0	3	479	30656	15359
0	3	21089	1349696	15359
0	1	3519	225216	15447
0	3	24572	1572608	16438
0	3	164	10496	16621
0	2	17855	1142720	16975
0	1	28936	1851904	17449
0	0	800	51200	17700
0	1	19657	1258048	17717
0	1	20716	1325824	17717
0	2	25046	1602944	17831
0	2	28328	1812992	17831
0	2	28502	1824128	17860
0	2	29267	1873088	17860
0	1	12399	793536	18160
0	1	26801	1715264	18160
0	0	8691	556224	18399
0	3	9732	622848	18668
0	0	28053	1795392	18726
0	1	10282	658048	19348
0	1	11034	706176	19348
0	2	1161	74304	19422
0	1	7224	462336	20344
0	2	12134	776576	20712
0	2	13089	837696	20712
0	1	13645	873280	20760
0	1	15154	969856	20760
0	3	8987	575168	20817
0	0	31739	2031296	20860
0	0	22346	1430144	21278
0	0	23633	1512512	21278
0	1	19591	1253824	21363
0	0	29125	1864000	21432
0	0	7411	474304	21606
0	0	2324	148736	21872
0	2	4328	276992	22166
0	3	70	4480	22321
0	0	5189	332096	22357
0	2	14705	941120	22538
0	2	12256	784384	22817
0	1	14028	897792	22829
0	3	29721	1902144	23329
0	3	32174	2059136	23329
0	3	30533	1954112	23467
0	1	14078	900992	23568
0	0	4930	315520	23713
0	0	5779	369856	23713
0	3	27997	1791808	23763
0	2	26826	1716864	23789
0	1	21087	1349568	23894
0	0	6732	430848	24304
0	3	19665	1258560	24407
0	0	24106	1542784	24939
0	3	4233	270912	25120
0	3	5164	330496	25120
0	3	29756	1904384	25120
0	2	22248	1423872	25353
0	1	29647	1897408	25521
0	0	29749	1903936	25728
0	0	11029	705856	25752
0	2	13553	867392	25908
0	2	15011	960704	25908
0	2	28158	1802112	25950
0	0	25405	1625920	26512
0	2	13156	841984	26865
0	3	27771	1777344	27514
0	1	9802	627328	27816
0	0	13522	865408	27953
0	3	31967	2045888	28096
0	2	31973	2046272	28296
0	2	22075	1412800	28330
0	1	28780	1841920	28404
0	0	25650	1641600	28550
0	0	27136	1736704	28612
0	3	27753	1776192	29022
0	3	11947	764608	29093
0	2	16435	1051840	29300
0	2	6267	401088	29658
0	0	20711	1325504	29846
0	1	18435	1179840	29907
0	0	27152	1737728	30589
0	3	31571	2020544	30851
0	3	18273	1169472	31103
0	3	24880	1592320	31127
0	3	25656	1641984	31127
0	3	26951	1724864	31127
0	2	25398	1625472	31412
0	2	3293	210752	31450
0	2	23919	1530816	31717
0	1	9150	585600	31926
0	3	15541	994624	31939
0	3	17806	1139584	31987
0	3	22761	1456704	31987
0	3	25846	1654144	31987
0	1	20435	1307840	31994
0	2	9127	584128	32103
0	2	15713	1005632	32152
0	2	32738	2095232	32641
0	2	6432	411648	32677
0	1	461	29504	32759
0	3	28976	1854464	32929
0	0	11946	764544	33069
0	1	29031	1857984	33078
0	3	9231	590784	33343
0	1	20106	1286784	33481
0	1	23461	1501504	33893
0	1	2034	130176	33916
0	2	27042	1730688	33922
0	2	17591	1125824	34071
0	2	18835	1205440	34071
0	0	9422	603008	34076
0	1	7347	470208	34477
0	0	4550	291200	34837
0	2	9134	584576	34910
0	0	20912	1338368	35259
0	3	8369	535616	35877
0	3	9674	619136	35877
0	2	21925	1403200	36336
0	2	6090	389760	36344
0	2	9647	617408	36344
0	1	129	8256	36374
0	2	110	7040	36567
0	0	25425	1627200	36614
0	2	6799	435136	36898
0	2	25644	1641216	36898
0	3	3513	224832	36921
0	2	6298	403072	36961
0	2	9690	620160	36961
0	3	11001	704064	37185
0	1	26895	1721280	37230
0	2	9697	620608	38023
0	2	10724	686336	38023
0	2	12523	801472	38023
0	1	22637	1448768	38228
0	0	24899	1593536	38242
0	0	28220	1806080	38242
0	0	24410	1562240	38284
0	0	25215	1613760	38284
0	0	7352	470528	38614
0	1	6580	421120	38649
0	1	16322	1044608	39128
0	3	16766	1073024	39338
0	0	30727	1966528	39569
0	1	8798	563072	39673
0	1	10029	641856	39673
0	3	29091	1861824	40303
0	3	30709	1965376	40303
0	3	678	43392	41190
0	1	5884	376576	41477
0	0	8329	533056	41496
0	0	26151	1673664	41598
0	3	3524	225536	41783
0	2	23151	1481664	41854
0	2	10818	692352	42105
0	3	13115	839360	42141
0	0	19766	1265024	42952
0	0	20580	1317120	42952
0	2	1076	68864	43147
0	1	10657	682048	43815
0	0	23275	1489600	44022
0	0	23958	1533312	44139
0	0	24954	1597056	44139
0	2	8913	570432	44956
0	2	10706	685184	44956
0	0	26562	1699968	45106
0	3	414	26496	45740
0	0	3551	227264	45767
0	1	1887	120768	46195
0	3	21097	1350208	46489
0	0	151	9664	46626
0	0	1498	95872	46626
0	0	30547	1955008	46846
0	0	10066	644224	47232
0	0	15205	973120	47391
0	0	17337	1109568	47396
0	3	19575	1252800	47409
0	3	1890	120960	47606
0	2	22467	1437888	47948
0	3	11321	724544	48420
0	1	10750	688000	48536
0	3	25197	1612608	49282
0	3	2141	137024	49324
0	2	23582	1509248	49906
0	3	10515	672960	50229
0	0	7636	488704	50233
0	0	28957	1853248	50490
0	1	21925	1403200	51265
0	3	6154	393856	51409
0	2	1701	108864	51569
0	0	11665	746560	51715
0	3	1231	78784	51933
0	0	11610	743040	52060
0	0	17902	1145728	52555
0	0	6728	430592	53017
0	0	28307	1811648	53385
0	1	31625	2024000	54065
0	3	14350	918400	54245
0	3	4840	309760	54293
0	2	24320	1556480	54758
0	0	17662	1130368	55229
0	3	2328	148992	55308
0	0	21696	1388544	55957
0	1	16545	1058880	56532
0	1	17381	1112384	56532
0	3	14371	919744	56553
0	3	15188	972032	56553
0	2	279	17856	56737
0	1	25030	1601920	56740
0	3	27919	1786816	57104
0	3	11047	707008	57187
0	0	6117	391488	57953
0	0	6269	401216	57984
0	0	2580	165120	58220
0	1	15423	987072	58373
0	3	4772	305408	58556
0	3	12343	789952	58556
0	3	14075	900800	58556
0	1	20807	1331648	58891
0	1	24102	1542528	58965
0	0	25111	1607104	59274
0	0	8062	515968	59680
0	3	11360	727040	59905
0	3	28933	1851712	59970
0	3	29870	1911680	59970
0	3	30822	1972608	59970
0	2	912	58368	60155
0	3	9777	625728	60217
0	3	13120	839680	60719
0	0	4975	318400	60770
0	0	11520	737280	60780
0	1	4058	259712	60814
0	1	19929	1275456	61054
0	1	11765	752960	61432
0	1	14485	927040	62000
0	3	19693	1260352	62618
0	3	20796	1330944	62618
0	0	14551	931264	62935
0	3	13042	834688	63316
0	3	14496	927744	63316
0	0	4644	297216	63592
0	3	31399	2009536	63733
0	3	31904	2041856	63735
0	2	12127	776128	64150
0	2	13925	891200	64150
0	0	30982	1982848	64575
0	0	32415	2074560	64575
0	3	26704	1709056	64988
0	2	6595	422080	65230
0	2	14684	939776	65283
0	1	1771	113344	65356
0	2	20158	1290112	65376
0	0	32176	2059264	65953
0	2	9035	578240	66000
0	2	10063	644032	66000
0	2	2820	180480	66034
0	3	11890	760960	66055
0	2	13933	891712	66960
0	3	985	63040	67569
0	3	7557	483648	67669
0	3	9224	590336	67669
0	3	10323	660672	67669
0	3	16146	1033344	67669
0	0	28188	1804032	67808
0	1	3091	197824	67868
0	3	7911	506304	67928
0	3	11351	726464	67928
0	0	31438	2012032	68489
0	2	29148	1865472	68514
0	1	1540	98560	68981
0	3	22759	1456576	69078
0	1	18831	1205184	69235
0	2	28884	1848576	69251
0	2	29656	1897984	69251
0	0	29193	1868352	69314
0	1	10948	700672	69402
0	1	12144	777216	69402
0	3	7644	489216	69645
0	3	18015	1152960	69795
0	3	14920	954880	70032
0	2	14079	901056	70122
0	0	29034	1858176	70194
0	0	31142	1993088	70194
0	1	23840	1525760	70573
0	1	9774	625536	70722
0	2	20385	1304640	70986
0	2	21354	1366656	70986
0	0	30650	1961600	71040
0	0	32752	2096128	71040
0	1	19067	1220288	71122
0	1	21784	1394176	71190
0	1	10581	677184	71429
0	3	31543	2018752	71548
0	0	11723	750272	71800
0	2	32043	2050752	72244
0	0	23542	1506688	72552
0	0	12047	771008	72874
0	3	875	56000	73171
0	2	20191	1292224	73297
0	2	23518	1505152	73297
0	2	7654	489856	73379
0	0	21651	1385664	74061
0	3	3447	220608	74120
0	1	31457	2013248	74641
0	2	16508	1056512	75088
0	1	27822	1780608	75285
0	1	25442	1628288	75565
0	0	31419	2010816	75774
0	1	6417	410688	75828
0	2	21580	1381120	76291
0	1	17161	1098304	76568
0	2	22098	1414272	77120
0	1	26929	1723456	77167
0	1	23347	1494208	77916
0	3	19069	1220416	78252
0	3	14493	927552	78465
0	3	15251	976064	78465
0	0	3624	231936	78787
0	0	13087	837568	78882
0	0	15153	969792	78882
0	2	7865	503360	78910
0	0	22916	1466624	79246
0	0	3924	251136	79259
0	3	12624	807936	79398
0	0	23938	1532032	79398
0	3	27158	1738112	79402
0	3	29337	1877568	79402
0	0	22314	1428096	80147
0	1	20081	1285184	80664
0	3	2644	169216	80758
0	2	22214	1421696	80795
0	1	23278	1489792	80806
0	2	19689	1260096	80930
0	3	30716	1965824	81171
0	0	6438	412032	81461
0	0	8364	535296	81461
0	1	11788	754432	81781
0	1	12907	826048	81781
0	1	20989	1343296	81781
0	3	21502	1376128	82599
0	3	15512	992768	82700
0	0	23824	1524736	83252
0	1	26848	1718272	83286
0	1	17776	1137664	83295
0	3	23365	1495360	83970
0	3	29739	1903296	84005
0	2	26514	1696896	84038
0	1	8241	527424	84216
0	1	8974	574336	84216
0	2	32105	2054720	84606
0	1	21238	1359232	84753
0	2	32078	2052992	84960
0	2	30133	1928512	84983
0	0	21955	1405120	85599
0	2	3928	251392	85711
0	2	5548	355072	85711
0	2	8048	515072	85711
0	1	12822	820608	86059
0	0	19946	1276544	86599
0	2	9940	636160	87249
0	2	15535	994240	87421
0	0	22666	1450624	87429
0	2	7277	465728	87576
0	2	2695	172480	87811
0	3	27328	1748992	88191
0	3	28616	1831424	88191
0	0	21717	1389888	88584
0	1	515	32960	88686
0	1	2470	158080	88686
0	0	17270	1105280	89037
0	3	31033	1986112	89358
0	3	12843	821952	89360
0	3	14457	925248	89360
0	0	13623	871872	89498
0	1	8532	546048	90065
0	3	24562	1571968	90364
0	2	11496	735744	90378
0	1	27337	1749568	90528
0	0	19946	1276544	90685
0	0	21292	1362688	90685
0	3	3375	216000	91047
0	3	4156	265984	91047
0	0	8627	552128	91161
0	3	12225	782400	91517
0	0	10686	683904	91640
0	0	23847	1526208	91806
0	3	29378	1880192	91972
0	1	27272	1745408	92076
0	2	4928	315392	92462
0	1	28441	1820224	92480
0	3	7219	462016	92716
0	3	23277	1489728	92928
0	1	8066	516224	92962
0	3	6357	406848	93651
0	0	5472	350208	93831
0	0	7875	504000	94055
0	0	27640	1768960	94281
0	3	32443	2076352	94445
0	0	28053	1795392	94553
0	3	7413	474432	94928
0	2	29262	1872768	94944
0	2	4797	307008	95301
0	2	5812	371968	95301
0	0	31177	1995328	95843
0	3	1841	117824	95898
0	3	13810	883840	96457
0	0	3083	197312	96790
0	3	6675	427200	96903
0	1	22282	1426048	97066
0	3	20454	1309056	97240
0	0	16466	1053824	98067
0	3	16400	1049600	98414
0	1	20572	1316608	98715
0	1	21525	1377600	98715
0	1	22585	1445440	98715
0	1	27441	1756224	98715
0	2	1302	83328	98999
0	0	8563	548032	99261
0	0	31428	2011392	99271
0	3	7586	485504	99681
0	2	13252	848128	99758
0	3	30082	1925248	99941
0	0	8533	546112	100266
0	2	32484	2078976	100669
0	2	30890	1976960	100671
0	0	21393	1369152	100803
0	0	9319	596416	100828
0	2	4481	286784	101355
0	2	9170	586880	101355
0	3	26596	1702144	101446
0	3	21709	1389376	101592
0	3	25409	1626176	101760
0	2	18854	1206656	101814
0	3	5080	325120	101968
0	3	6196	396544	101968
0	1	28747	1839808	102140
0	2	6705	429120	102911
0	0	29287	1874368	102981
0	3	11856	758784	103400
0	3	16511	1056704	103414
0	3	23055	1475520	103414
0	0	4471	286144	103577
0	0	6717	429888	103577
0	0	13358	854912	104318
0	0	14296	914944	104318
0	1	21433	1371712	105034
0	3	31388	2008832	105218
0	3	32385	2072640	105218
0	2	24502	1568128	105362
0	2	436	27904	105513
0	2	1255	80320	105513
0	2	2346	150144	105513
0	0	5574	356736	105552
0	0	15860	1015040	106045
0	2	734	46976	106914
0	2	2898	185472	106914
0	2	5437	347968	106914
0	3	6860	439040	107264
0	3	27446	1756544	107489
0	3	19506	1248384	107619
0	0	10709	685376	107700
0	3	13176	843264	107816
0	3	1257	80448	107908
0	0	30636	1960704	108796
0	3	27437	1755968	108946
0	2	26024	1665536	109651
0	0	4627	296128	109720
0	3	13615	871360	109765
0	1	12363	791232	110258
0	2	30086	1925504	110296
0	3	26819	1716416	110647
0	3	27685	1771840	110647
0	3	3803	243392	111240
0	3	5592	357888	111240
0	0	4211	269504	111808
0	2	29788	1906432	112212
0	2	14724	942336	113222
0	0	16244	1039616	113722
0	3	27213	1741632	113887
0	0	8201	524864	114143
0	3	30962	1981568	114283
0	3	18094	1158016	114467
0	2	24218	1549952	114983
0	3	22889	1464896	115153
0	3	24896	1593344	115153
0	3	26041	1666624	115153
0	0	6724	430336	115156
0	1	15980	1022720	115579
0	2	32061	2051904	115841
0	0	9195	588480	115950
0	0	17079	1093056	116501
0	1	23447	1500608	116787
0	1	24370	1559680	116787
0	1	26265	1680960	116787
0	3	32515	2080960	116901
0	3	24308	1555712	117114
0	3	5847	374208	117119
0	1	9990	639360	117783
0	1	13030	833920	117783
0	3	9685	619840	117834
0	0	6241	399424	118293
0	2	12789	818496	118551
0	1	23673	1515072	119058
0	1	20429	1307456	119582
0	2	29851	1910464	119646
0	3	14759	944576	119918
0	3	28912	1850368	120133
0	2	4634	296576	120566
0	0	2486	159104	120677
0	1	28190	1804160	120769
0	1	22739	1455296	120962
0	3	24158	1546112	121001
0	1	24278	1553792	121993
0	0	15983	1022912	122038
0	0	16783	1074112	122038
0	1	20283	1298112	122301
0	1	12282	786048	122623
0	2	18896	1209344	122977
0	3	17499	1119936	123229
0	3	5112	327168	123271
0	1	20195	1292480	124042
0	2	18433	1179712	124057
0	2	193	12352	124453
0	2	3157	202048	124453
0	2	30784	1970176	124806
0	2	3667	234688	124985
0	3	13640	872960	125207
0	0	11161	714304	125262
0	0	9202	588928	125832
0	3	20369	1303616	126085
0	3	22242	1423488	126085
0	3	27842	1781888	126085
0	2	28007	1792448	126218
0	1	8822	564608	126247
0	3	8319	532416	126331
0	3	24141	1545024	126331
0	1	10736	687104	126433
0	2	11104	710656	126625
0	2	23760	1520640	126916
0	1	30900	1977600	126942
0	2	1122	71808	127060
0	0	8649	553536	127168
0	2	13347	854208	127321
0	0	1308	83712	127510
0	2	8198	524672	127536
0	2	1693	108352	127598
0	3	12676	811264	128022
0	0	14466	925824	128446
0	0	3396	217344	128474
0	0	13007	832448	129236
0	0	32676	2091264	129746
0	1	18637	1192768	129778
0	3	10153	649792	130410
0	3	9849	630336	130453
0	1	3029	193856	130632
